
Cross- Validation 3.

precision: [0.22857143 0.74482759 0.66666667 0.7606727  0.34193548 0.65934066
 0.72972973 0.47142857 0.55102041 0.43601896]
recall: [0.16       0.58378378 1.         0.672      0.77941176 0.78947368
 0.56643357 0.4125     0.35761589 0.65402844]
fscore: [0.18823529 0.65454545 0.8        0.71359223 0.47533632 0.71856287
 0.63779528 0.44       0.43373494 0.52322275]
support: [ 50 185   6 875  68  76 429  80 151 422]


Cross- Validation  5
precision: [0.2962963  0.68452381 0.66666667 0.75282309 0.36645963 0.71590909
 0.75510204 0.4375     0.46428571 0.47469459]
recall: [0.16       0.62162162 1.         0.68571429 0.86764706 0.82894737
 0.6037296  0.35       0.34437086 0.64454976]
fscore: [0.20779221 0.65155807 0.8        0.71770335 0.51528384 0.76829268
 0.67098446 0.38888889 0.39543726 0.54673367]
support: [ 50 185   6 875  68  76 429  80 151 422]