Grid search result:
[100, 200, 0.001]
0.7069003285870756


With above parameters, prediction is done:

cross validation: 2

precision: [0.30434783 0.79354839 0.6        0.73770492 0.64285714 0.77777778
 0.7225     0.57627119 0.63461538 0.58121331]
recall: [0.28       0.66486486 1.         0.77142857 0.66176471 0.73684211
 0.67365967 0.425      0.43708609 0.70379147]
fscore: [0.29166667 0.72352941 0.75       0.75418994 0.65217391 0.75675676
 0.69722557 0.48920863 0.51764706 0.63665595]
support: [ 50 185   6 875  68  76 429  80 151 422]

